$ANSIBLE_VAULT;1.1;AES256
31376332623764626339663035646632333862323336376462326330396531376163393662396231
3836626338313430336631363533623637313436323132610a633031636164646631303862653161
30333031626139643364373634653863336164646163363136363464393134633661363164373264
3564636364373764310a303562653733343930636537613334303731313736636462323930393237
30386233376137636264633765376635373163376432316566393836653664326136626432623631
33366135326638326462376336323666323862333634326439363738333933346135383937323162
37346332373233653531396434656231393936343235303562636331623964616635643261633935
62633866643533353363623539353663656561366536303064663062343037663231663239656563
30616435303238633065636265373266333264616233636238383537666564303731663337626538
37313566313366613435346332393432323931613133633963303538666463383033616664636139
39313638633135383563386166323738346265643966303463323630376531626264623666643062
32623930386461306139303730326665343366626563323466393964313463306636303639663133
31393564633236343239353331393465666665653362663536633837313962343866643734383933
62376666313864656234326535623663373865356664653063346662663265343936346461643735
35353239663465313333323436386637623038333563666533383833396637663637376635636434
64336633363632323463323631383065383163326363643938366362336663396264633362616131
32633765653661376132616130363030336132363966303666356136633032646433323262396131
30376666623366366663636634663832636666623463313932316335363434336563613633343236
35356234366463653935623830626564386539353338343263303434333230653363313162373232
35303765653462393266343631643435306461363962373535316135656131616463346239303063
35383863343230326137396163383730333662666137653939636235663664363835613736663637
30653163396534616437626133666463373530626636633232633430346462373362366534363066
65373063616362346334376335646664613130363837636363633162376435366238353639316465
34623439626663663261626137323862316337356264306531633462343636366135353563633561
65326335303562616161303031633961623162653861376363626363613433306634383033313435
34646563366264323764346464626333313865303365303038306232313236633438346133333734
39326337663137376230373136303536356561396666346131623531303037386363643365666235
34663839313965616131613936323038373865636265326636306665306336393133656235623733
66383161633639626536393334373164636331363961323466636634626636373461303666653536
31346266336231616263346636326533643339346436396165366635386630313633653564373731
64633632373431386235353431366135336237363433383561646165613466393939373662383863
65656563386331303830333734623039633361346165323463663335363464356532313639616236
61626165326436633538343036313162313732303937306165663062646137356363323639636138
31333733316439643464313966343561643137353538326639396265333031356339663363373736
38396135313164383563303335363239316133343561663530343930316535303231393062366338
38336261623537656430653837323039306239316164333732663561633463306334303939376334
38616236323239623363353632633863323631613731656562616537343461633932643533643335
37383137366634353230656535656230376538303534366632613039373766643161313965373666
61333565353365653934333838653761353362653531373232383936646339333334366337366462
33333639393335386436323430633262376137366436356630306161666661623063316131386335
31303030666563646332646335306638333831623331306364376264396464373264383263313039
61623434656433623632336363633932313836303834623065623265306432326266613335613161
33353039666339363162336533363338323435663930633936383966643764376163363031353838
34636163663864353933303466303739356537343733346234626235366662633165363362393765
62656237623234363964373064616334336132336362343038303232353735353164353265663232
33353036333430363731643234636539306535623834373430303665656536613862333563303664
38343765633464666333343733616339303737396633633733343661393931306536313162316136
34626636383831373064643738333161306134333832366236653334333232663835316430393737
37626139343066653861623966316164353262643432346439343963353132383664663039643864
33356466313331636362633736333031386232326538643535666234333364343734663361373233
66653137633762323661363134356464636637396339663038623061393830333966336630313664
65343637663733623931396335643536303430376533323833633264353731383533663561313161
32376536313439616166366333666565663861623236353235366537663839376635383163353738
61383935316635613135613836333835356661623031633331666330356536313764633665653031
31363630386130336362616431396164346437356237613362343535656433363866373432353632
38356630356163316563653430393135313464306335636234316234613139376338336134623166
36326463656535613638633631613163303230353834376164643330616261386231663035643765
62363236633036616333633066306463393138373535323934303139636531636436366464636238
34613931316532313131613634656438373932356262626163323666646437343066636332366363
38393532373838346635633033326136643239356138386438343463613663323238326266373436
63303464613161653339313065386233366538336532653264353763303136346163326236316464
63343264616635356133306662353361363835633263613639393134306163313232323762356430
30653864323437323537356138366332663364363065356139623566363662323964633534656436
39356432306234363562326637613465303331616366386666313639303631353665376230393165
62336262626661613231363832633934666539663064643733333939333866373365663263323163
38626165626633316339363338336265306337616136323231346137626630633464306235376436
30323133326336323766316464326131363838343734393962313265316165373863343462366661
62636339303932643933656366643032656234323366653231346434363663616531313866666266
32353434346665613266383565643564313535356334363137303232613163333932613130383037
62343763333938333037633634356266383666666466386133656233653335623936336633626632
36643133613565366132653535323336633936353466666137316262623966356535313835393238
38353862393362353135633666393566353531356261343836303937656234316435376666356237
31346462383139656132333962643035303264353535386563313235653338336533393139663261
66386663343666313261666339343837656631363230626462363735653161323265326562313831
66323039656133303966393764396365353633303435656363663433316366643963383961636530
31303835653637616166343732373233613737343837636634663262316561383962383333386631
33656163663863636631356533303032386231666235653230653930633137393037323436383039
38316637623230383761373862386434343739653166356638363564393032383733323439666130
31626333336436633564326163333332653936376330643764396537623834663831653632663366
39623663343361323934346163623331633238346330616135316530323336313066623437363338
38376338383266616366366666343939373661663838623037303338356361613435316234366631
62373235643161366537333535343032366538633037306461613737373661656438346336383466
65336439366135353533303837346665616363653665306361353732373435396134633633396364
38656465656637336131326635356136616232653633373261303162636232303434626661303133
33353331376439633239366237363730346664336632356537633363316530353731653361386565
30376534663537313135646131313166336161353364383630633630306561636631356632376531
31643035366461326362323336613664643539363565303666346636323430633564643133303834
34613138623034633631
